Get Data
Run Model
Short AVG,Long AVG,Best Bank 1 1 100000.0
Short AVG,Long AVG,Best Bank 1 4 498855.46875
            signal    short_mavg     long_mavg  positions
Date                                                     
2018-01-01     0.0  13657.200195  13657.200195        NaN
2018-01-02     1.0  14982.099609  14319.649902        1.0
2018-01-03     1.0  15201.000000  14613.433268        0.0
2018-01-04     1.0  15599.200195  14859.875000        0.0
2018-01-05     1.0  17429.500000  15802.949951        0.0
2018-01-06     1.0  17527.000000  16439.175049        0.0
2018-01-07     0.0  16477.599609  16758.324951       -1.0
2018-01-08     0.0  15170.099609  16651.049805        0.0
2018-01-09     0.0  14595.400391  15942.524902        0.0
2018-01-10     0.0  14973.299805  15304.099854        0.0
2018-01-11     0.0  13405.799805  14536.149902        0.0
2018-01-12     0.0  13980.599609  14238.774902        0.0
2018-01-13     1.0  14360.200195  14179.974854        1.0
2018-01-14     0.0  13772.000000  13879.649902       -1.0
2018-01-15     0.0  13819.799805  13983.149902        0.0
2018-01-16     0.0  11490.500000  13360.625000        0.0
2018-01-17     0.0  11188.599609  12567.724854        0.0
2018-01-18     0.0  11474.900391  11993.449951        0.0
2018-01-19     1.0  11607.400391  11440.350098        1.0
2018-01-20     1.0  12899.200195  11792.525146        0.0
2018-01-21     0.0  11600.099609  11895.400146       -1.0
2018-01-22     0.0  10931.400391  11759.525146        0.0
2018-01-23     0.0  10868.400391  11574.775146        0.0
2018-01-24     1.0  11359.400391  11189.825195        1.0
2018-01-25     1.0  11259.400391  11104.650391        0.0
2018-01-26     1.0  11171.400391  11164.650391        0.0
2018-01-27     1.0  11440.700195  11307.725342        0.0
2018-01-28     1.0  11786.299805  11414.450195        0.0
2018-01-29     0.0  11296.400391  11423.700195       -1.0
2018-01-30     0.0  10106.299805  11157.425049        0.0
...            ...           ...           ...        ...
2018-12-03     0.0   3894.130859   4066.487305        0.0
2018-12-04     0.0   3956.893799   4051.393616        0.0
2018-12-05     0.0   3753.994873   3936.224365        0.0
2018-12-06     0.0   3521.101807   3781.530334        0.0
2018-12-07     0.0   3419.937256   3662.981934        0.0
2018-12-08     0.0   3476.114746   3542.787170        0.0
2018-12-09     1.0   3614.234375   3507.847046        1.0
2018-12-10     0.0   3502.656006   3503.235596       -1.0
2018-12-11     0.0   3424.588135   3504.398315        0.0
2018-12-12     0.0   3486.950195   3507.107178        0.0
2018-12-13     0.0   3313.677246   3431.967896        0.0
2018-12-14     0.0   3242.484863   3366.925110        0.0
2018-12-15     0.0   3236.761719   3319.968506        0.0
2018-12-16     0.0   3252.839111   3261.440735        0.0
2018-12-17     1.0   3545.864746   3319.487610        1.0
2018-12-18     1.0   3696.059082   3432.881165        0.0
2018-12-19     1.0   3745.950684   3560.178406        0.0
2018-12-20     1.0   4134.441406   3780.578979        0.0
2018-12-21     1.0   3896.543701   3868.248718        0.0
2018-12-22     1.0   4014.182617   3947.779602        0.0
2018-12-23     0.0   3998.980225   4011.036987       -1.0
2018-12-24     1.0   4078.599121   3997.076416        1.0
2018-12-25     0.0   3815.490723   3976.813171       -1.0
2018-12-26     0.0   3857.297607   3937.591919        0.0
2018-12-27     0.0   3654.833496   3851.555237        0.0
2018-12-28     1.0   3923.918701   3812.885132        1.0
2018-12-29     1.0   3820.408691   3814.114624        0.0
2018-12-30     1.0   3865.952637   3816.278381        0.0
2018-12-31     0.0   3742.700439   3838.245117       -1.0
2019-01-01     1.0   3843.520020   3818.145447        1.0

[366 rows x 4 columns]
                 BTC-USD      holdings          cash          total   returns
Date                                                                         
2018-01-01  0.000000e+00  0.000000e+00  1.000000e+05  100000.000000       NaN
2018-01-02  1.498210e+06  1.498210e+06 -1.398210e+06  100000.000000  0.000000
2018-01-03  1.520100e+06  1.520100e+06 -1.398210e+06  121890.039062  0.218900
2018-01-04  1.559920e+06  1.559920e+06 -1.398210e+06  161710.058594  0.326688
2018-01-05  1.742950e+06  1.742950e+06 -1.398210e+06  344740.039062  1.131840
                  BTC-USD       holdings           cash          total  \
Date                                                                     
2018-12-28  392391.870117  392391.870117  124585.424805  516977.294922   
2018-12-29  382040.869141  382040.869141  124585.424805  506626.293945   
2018-12-30  386595.263672  386595.263672  124585.424805  511180.688477   
2018-12-31       0.000000       0.000000  498855.468750  498855.468750   
2019-01-01  384352.001953  384352.001953  114503.466797  498855.468750   

             returns  
Date                  
2018-12-28  0.000000  
2018-12-29 -0.020022  
2018-12-30  0.008990  
2018-12-31 -0.024111  
2019-01-01  0.000000  
Portfolio Plot
Sharpe Ratio 1.3296741924706115
Compound Annual Growth Rate (CAGR) -0.7434591866465645
HODL Gains: 0.2565408133534354

